Epoch = 2019-05-01 00:00:00
Sat11 = 7489.08   0.001   85.0  10.000   0.0   0.0000000
Sat12 = 7471.96   0.001   85.0  10.000   0.0   45.0000000
Sat13 = 7463.21   0.001   85.0  10.000   0.0   90.0000000
Sat14 = 7472.22   0.001   85.0  10.000   0.0   135.0000000
Sat15 = 7480.74   0.001   85.0  10.000   0.0   180.0000000
Sat16 = 7472.02   0.001   85.0  10.000   0.0   225.0000000
Sat17 = 7463.21   0.001   85.0  10.000   0.0   270.0000000
Sat18 = 7471.96   0.001   85.0  10.000   0.0   315.000000
Sat21 = 7479.6  0.001   85.0  130.00   0.0   15.000000
Sat22 = 7467.56   0.001   85.0  130.00   0.0   60.000000
Sat23 = 7464.41   0.001   85.0  130.00   0.0   105.000000
Sat24 = 7476.39   0.001   85.0  130.00   0.0   150.000000
Sat25 = 7479.58   0.001   85.0  130.00   0.0   195.000000
Sat26 = 7467.64   0.001   85.0  130.00   0.0   240.000000
Sat27 = 7464.36   0.001   85.0  130.00   0.0   285.000000
Sat28 = 7476.37   0.001   85.0  130.00   0.0   330.000000
Sat31 = 7476.37   0.001   85.0  250.00   0.0   30.000000
Sat32 = 7464.36   0.001   85.0  250.00   0.0   75.000000
Sat33 = 7467.64   0.001   85.0  250.00   0.0   120.000000
Sat34 = 7479.58   0.001   85.0  250.00   0.0   165.000000
Sat35 = 7476.39   0.001   85.0  250.00   0.0   210.000000
Sat36 = 7464.41   0.001   85.0  250.00   0.0   255.000000
Sat37 = 7467.56   0.001   85.0  250.00   0.0   300.000000
Sat38 = 7479.6  0.001   85.0  250.00   0.0   345.000000
































































































