dv1 = 157.455325
dv2 = 154.196511
