Epoch = 2019-01-01 00:00:00
Semi_major_axis   =     6978.0
Eccentricity      =     0.003606090476565559
Inclination       =     98.45177560605939
Ra_of_asc_node    =     265.2090045338037
Arg_of_pericenter =     120.0
Mean_anomaly      =     94.71685115019184
