 0   0.551936985312058   0.833885822067168
 1.0 0                   0
 0   0.833885822067168  -0.551936985312058
 0  -0.833885822067168  -0.551936985312058 
-1.0 0.0                 0.0 
 0   -0.551936985312058  0.833885822067168
-0.852785546701901   0  -0.522261248166414
-0.452291508324284 0.5   0.738533947424047
 0.261130624083207 0.866025403784439  -0.42639277335095
