% 设置常用的常数值，全部放在Const结构中
Const.RAD=0.017453292519943295769236907684886;   %degree to radian
Const.DEG=57.295779513082320876798154814105;     %radian to degree
Const.GE=398600.4415;     %geocentric gravitational constant (km^3/s^2)
Const.Re=6378.137;	    %earth equatorial mean radius(km)
Const.Oblate=0.003352813; %earth oblate
Const.We=7.2921159e-5;    %earth ratation rate
Const.G=6.672e-20;        %gravitational constant(Km^3/Kg/s^2)
Const.GM=4902.802627;     %selenocentric gravitational constant (km^3/s^2)
Const.GS=1.32712438e+11;  %heliocentric gravitational constant (km^3/s^2)
Const.TU=806.81112412790870095017550956071;  %time unit(～s)
Const.VU=7.905365716039427018020816039069;   %velocity unit(～km/s)
Const.J2 = 0.0010826266835531513;
Const.J3 = -2.5326564853322355e-006;
Const.J4 = -1.6196215913670001e-006;
Const.A2 = 0.0016239400253297270;
Const.A3 = 2.5326564853322355e-006;
Const.A4 = 7.0858444622306256e-006;
