% 常数，弧度->度
function y = deg()
y = 57.295779513082320876798154814105;