% 地球引力J2常数
function y = J2()
y = 0.0010826266835531513;