% 地球引力J3常数
function y = J3()
y = -2.5326564853322355e-006;