% 地球引力J4常数
function y = J4()
y = -1.6196215913670001e-006;