% J2000.0µÄ¼òÔ¼ÈåÂÔÈÕ
function y = mjd2000()
y = 51544.5;