% 常数 度->弧度
function y = rad()
y = 0.017453292519943295769236907684886;