% 地球自转角速度常数
function y = We()
y = 7.29211585537707e-005; % = 2*pi/86164.09053