dv1 = 102.411383
dv2 = 101.013389
